# frek [Hz] rms U2 [V]
10000 +1.35687411E-04
11000 +1.37591570E-04
12000 +1.42764814E-04
13000 +1.48799970E-04
14000 +1.56323187E-04
15000 +1.63974386E-04
16000 +1.72281261E-04
17000 +1.81736685E-04
18000 +1.91305288E-04
19000 +2.04496732E-04
20000 +2.19123383E-04
21000 +2.38469915E-04
22000 +2.50479349E-04
23000 +2.68470647E-04
24000 +2.86333100E-04
25000 +3.08006600E-04
26000 +3.32317231E-04
27000 +3.59647526E-04
28000 +3.89696835E-04
29000 +4.23799650E-04
30000 +4.61649091E-04
31000 +5.03111340E-04
32000 +5.49691729E-04
33000 +6.02319936E-04
34000 +6.61235064E-04
35000 +7.27015710E-04
36000 +7.99970358E-04
37000 +8.82751856E-04
38000 +9.76898085E-04
39000 +1.08465714E-03
40000 +1.20734368E-03
41000 +1.34729610E-03
42000 +1.50918304E-03
43000 +1.69689523E-03
44000 +1.91522301E-03
45000 +2.17164953E-03
46000 +2.47581939E-03
47000 +2.83781686E-03
48000 +3.27479038E-03
49000 +3.80659546E-03
50000 +4.46103881E-03
51000 +5.28047192E-03
52000 +6.32247450E-03
53000 +7.67284911E-03
54000 +9.46487840E-03
55000 +1.19130981E-02
56000 +1.53724389E-02
57000 +2.05097726E-02
58000 +2.86109744E-02
59000 +4.25482038E-02
60000 +6.96309999E-02
61000 +1.30391377E-01
62000 +2.25706676E-01
63000 +1.92297940E-01
64000 +1.53089720E-01
65000 +1.45273478E-01
66000 +1.63016078E-01
67000 +2.11653978E-01
68000 +2.23286939E-01
69000 +1.32704628E-01
70000 +7.82640629E-02
71000 +5.16534157E-02
72000 +3.70432332E-02
73000 +2.81531192E-02
74000 +2.22950127E-02
75000 +1.82095120E-02
76000 +1.52322127E-02
77000 +1.29903050E-02
78000 +1.12538934E-02
79000 +9.88017349E-03
80000 +8.77118390E-03
81000 +7.86086079E-03
82000 +7.10560796E-03
83000 +6.46767626E-03
84000 +5.92624075E-03
85000 +5.46157127E-03
86000 +5.05910553E-03
87000 +4.70812642E-03
88000 +4.39951573E-03
89000 +4.12816675E-03
90000 +3.88531953E-03
91000 +3.66869767E-03
92000 +3.47429349E-03
93000 +3.29969835E-03
94000 +3.14058382E-03
95000 +2.99644300E-03
96000 +2.86519807E-03
97000 +2.74531113E-03
98000 +2.63474290E-03
99000 +2.53300702E-03
100000 +2.43983602E-03
