1.42342E-19
1.56824E-19
1.62064E-19
1.63505E-19
1.68612E-19
1.77495E-19
3.06174E-19
3.06254E-19
3.06596E-19
3.19466E-19
3.23672E-19
3.25105E-19
3.30235E-19
3.31163E-19
3.36311E-19
3.42839E-19
3.43366E-19
3.47858E-19
3.51632E-19
4.56745E-19
4.67516E-19
4.73166E-19
4.73499E-19
4.78888E-19
4.81088E-19
4.90715E-19
4.9092E-19
5.04342E-19
6.29831E-19
6.43983E-19
6.58227E-19
6.61368E-19
6.6321E-19
7.82565E-19
7.92436E-19
7.94042E-19
8.03916E-19
8.06553E-19
8.06909E-19
8.09179E-19
8.1254E-19
8.13036E-19
8.16942E-19
8.19285E-19
8.20689E-19
8.21005E-19
9.48887E-19
9.64557E-19
9.6656E-19
9.69746E-19
