# frek [Hz] rms U2 [V]
53000 +5.66461455E-02
53100 +5.94757434E-02
53200 +6.25217788E-02
53300 +6.58075586E-02
53400 +6.93344802E-02
53500 +7.31181428E-02
53600 +7.72724763E-02
53700 +8.18283968E-02
53800 +8.68337803E-02
53900 +9.22151268E-02
54000 +9.80463848E-02
54100 +1.04344480E-01
54200 +1.11131321E-01
54300 +1.18390485E-01
54400 +1.25898080E-01
54500 +1.34119800E-01
54600 +1.42708015E-01
54700 +1.51281999E-01
54800 +1.59666011E-01
54900 +1.67445634E-01
55000 +1.74197218E-01
55000 +1.75257581E-01
55100 +1.80831407E-01
55200 +1.84652525E-01
55300 +1.86412410E-01
55400 +1.86112456E-01
55500 +1.83905151E-01
55600 +1.80102164E-01
55700 +1.75097290E-01
55800 +1.69304216E-01
55900 +1.63065344E-01
56000 +1.56672031E-01
56100 +1.50333050E-01
56200 +1.44175823E-01
56300 +1.38303396E-01
56400 +1.32768403E-01
56500 +1.27566865E-01
56600 +1.22753578E-01
56700 +1.18254938E-01
56800 +1.14103308E-01
56900 +1.10267340E-01
#57000 +1.18254919E-01
57100 +1.03422257E-01
57200 +1.00394089E-01
57300 +9.76801261E-02
57400 +9.50752646E-02
57500 +9.26625326E-02
57600 +9.04311672E-02
57700 +8.83608669E-02
57800 +8.64280865E-02
57900 +8.46376434E-02
58000 +8.29762511E-02
58100 +8.14265184E-02
58200 +7.99909681E-02
58300 +7.86546923E-02
58400 +7.74095967E-02
58500 +7.62440614E-02
58600 +7.51649953E-02
58700 +7.41658390E-02
58800 +7.32366063E-02
58900 +7.23697670E-02
59000 +7.15674572E-02
59100 +7.08253860E-02
59200 +7.01371968E-02
59300 +6.95035234E-02
59400 +6.89153016E-02
59500 +6.83843762E-02
59600 +6.78907618E-02
59700 +6.74434602E-02
59800 +6.70405075E-02
59900 +6.66770004E-02
60000 +6.63479276E-02
60100 +6.60568595E-02
60200 +6.58084042E-02
60300 +6.55894414E-02
60400 +6.54124454E-02
60500 +6.52644381E-02
60600 +6.51452355E-02
60700 +6.50628537E-02
60800 +6.50149249E-02
60900 +6.49962962E-02
61000 +6.50127493E-02
61100 +6.50522172E-02
61200 +6.51261151E-02
61300 +6.52265094E-02
61400 +6.53641343E-02
61500 +6.55312784E-02
61600 +6.57267578E-02
61700 +6.59568973E-02
61800 +6.62175275E-02
61900 +6.65119424E-02
62000 +6.68367535E-02
62100 +6.71968266E-02
62200 +6.75860643E-02
62300 +6.80132113E-02
62400 +6.84772179E-02
62500 +6.89786896E-02
62600 +6.95155308E-02
62700 +7.00890206E-02
62800 +7.07079694E-02
62900 +7.13652417E-02
63000 +7.20727094E-02
63100 +7.28202969E-02
63200 +7.36192502E-02
63300 +7.44598344E-02
63400 +7.53579162E-02
63500 +7.63098337E-02
63600 +7.73184873E-02
63700 +7.83949479E-02
63800 +7.95312963E-02
63900 +8.07362907E-02
64000 +8.20086375E-02
64100 +8.33558641E-02
64200 +8.47881764E-02
64300 +8.63090970E-02
64400 +8.79200801E-02
64500 +8.96355025E-02
64600 +9.14571993E-02
64700 +9.33825858E-02
64800 +9.54344608E-02
64900 +9.76221345E-02
65000 +9.99396041E-02
65100 +1.02412242E-01
65200 +1.05049731E-01
65300 +1.07855925E-01
65400 +1.10859042E-01
65500 +1.14057519E-01
65600 +1.17471442E-01
65700 +1.21001218E-01
65800 +1.24912091E-01
65900 +1.29114082E-01
66000 +1.33629128E-01
66100 +1.38456684E-01
66200 +1.43636246E-01
66300 +1.49162753E-01
66400 +1.55061308E-01
66500 +1.61306322E-01
66600 +1.67964117E-01
66700 +1.74955508E-01
66800 +1.82314622E-01
66900 +1.89917554E-01
67000 +1.97665684E-01
67100 +2.05432646E-01
67200 +2.12932830E-01
67300 +2.19923995E-01
67400 +2.26089483E-01
67500 +2.31059158E-01
67600 +2.34473586E-01
67700 +2.36052027E-01
67800 +2.35612224E-01
67900 +2.33072390E-01
68000 +2.28675880E-01
68100 +2.22670569E-01
68200 +2.15319279E-01
68300 +2.07029030E-01
68400 +1.98174089E-01
68500 +1.89066957E-01
68600 +1.79983605E-01
68700 +1.71096829E-01
68800 +1.62531129E-01
68900 +1.54350941E-01
69000 +1.46610230E-01
69100 +1.39328526E-01
69200 +1.32518452E-01
69300 +1.26147114E-01
69400 +1.20215575E-01
69500 +1.14670359E-01
69600 +1.09516436E-01
69700 +1.04715685E-01
69800 +1.00232133E-01
69900 +9.61875409E-02
70000 +9.22829561E-02
