# Usmerimo HeNe laser direktno na fotodiodo in merimo DC tok z Keithley 2000
# vsake 0.5s. Razmere precej stacionarne, z zatemnjenimi zaluzijami.
# Datum: 12.3.2020, 14:31

# time stamp  I[A DC]
1584019423.2113843 +3.92305046E-04
1584019423.7128184 +3.92394742E-04
1584019424.214008 +3.92517308E-04
1584019424.7153583 +3.92693644E-04
1584019425.2167559 +3.92925962E-04
1584019425.7182555 +3.93721526E-04
1584019426.2196372 +3.96264210E-04
1584019426.7206302 +3.98944488E-04
1584019427.221985 +4.01263769E-04
1584019427.7233326 +4.03552408E-04
1584019428.2247145 +4.05756922E-04
1584019428.7262018 +4.07608224E-04
1584019429.227592 +4.09488390E-04
1584019429.7289853 +4.11105702E-04
1584019430.230433 +4.12533594E-04
1584019430.7318163 +4.13713569E-04
1584019431.2332044 +4.14837274E-04
1584019431.734473 +4.15731423E-04
1584019432.2358406 +4.16437291E-04
1584019432.7371037 +4.16939811E-04
1584019433.2385085 +4.17263496E-04
1584019433.7398975 +4.17403890E-04
1584019434.241305 +4.17347028E-04
1584019434.742696 +4.17070698E-04
1584019435.2440834 +4.16638932E-04
1584019435.745486 +4.16001032E-04
1584019436.2470198 +4.15151429E-04
1584019436.7483559 +4.14171136E-04
1584019437.2500997 +4.13060800E-04
1584019437.751548 +4.11610623E-04
1584019438.2532861 +4.10075764E-04
1584019438.754677 +4.08259003E-04
1584019439.2564242 +4.06471656E-04
1584019439.757685 +4.04312826E-04
1584019440.2590408 +4.02075999E-04
1584019440.7605035 +3.99718835E-04
1584019441.2620878 +3.97224620E-04
1584019441.7630856 +3.94686741E-04
1584019442.2639048 +3.92575267E-04
1584019442.7652261 +3.92342949E-04
1584019443.2661402 +3.92205341E-04
1584019443.7674668 +3.92136816E-04
1584019444.268392 +3.92113116E-04
1584019444.7697077 +3.92114787E-04
1584019445.2702575 +3.92131501E-04
1584019445.771585 +3.92161028E-04
1584019446.2725594 +3.92183313E-04
1584019446.7738924 +3.92161264E-04
1584019447.2749867 +3.92163493E-04
1584019447.7759144 +3.92143437E-04
1584019448.2768376 +3.92081597E-04
1584019448.7781124 +3.92026442E-04
1584019449.2790718 +3.91941421E-04
1584019449.7804053 +3.91858410E-04
1584019450.2814016 +3.91770943E-04
1584019450.7827375 +3.91694618E-04
1584019451.283756 +3.91612721E-04
1584019451.785086 +3.91507671E-04
1584019452.2861068 +3.91449731E-04
1584019452.7874439 +3.91367277E-04
1584019453.2884586 +3.91346107E-04
1584019453.7897942 +3.91298752E-04
1584019454.2909138 +3.91257247E-04
1584019454.7921164 +3.91256690E-04
1584019455.2931337 +3.91262261E-04
1584019455.7945037 +3.91294017E-04
1584019456.2956204 +3.91297917E-04
1584019456.7966948 +3.91307342E-04
1584019457.2977505 +3.91378653E-04
1584019457.7990983 +3.91390352E-04
1584019458.300239 +3.91434365E-04
1584019458.8015265 +3.91480048E-04
1584019459.3025525 +3.91529598E-04
1584019459.80388 +3.91575839E-04
1584019460.3048823 +3.91643807E-04
1584019460.8062975 +3.91692834E-04
1584019461.307518 +3.91742643E-04
1584019461.8088233 +3.91815625E-04
1584019462.310006 +3.91926492E-04
1584019462.811163 +3.92079699E-04
1584019463.3121455 +3.92269676E-04
1584019463.8133683 +3.92547905E-04
1584019464.3144965 +3.94939055E-04
1584019464.81578 +3.97415444E-04
1584019465.3168905 +3.99747540E-04
1584019465.8179898 +4.02089107E-04
1584019466.3189812 +4.04115044E-04
1584019466.820401 +4.06144069E-04
1584019467.321743 +4.07911805E-04
1584019467.8231392 +4.09462265E-04
1584019468.3243442 +4.11002697E-04
1584019468.8257265 +4.12327013E-04
1584019469.3264697 +4.13540974E-04
1584019469.8278444 +4.14463004E-04
1584019470.3291423 +4.15307039E-04
1584019470.8305764 +4.15943825E-04
1584019471.3315847 +4.16419046E-04
1584019471.8328218 +4.16684234E-04
1584019472.334035 +4.16804015E-04
1584019472.835343 +4.16722118E-04
1584019473.3363721 +4.16478658E-04
1584019473.8377042 +4.16063522E-04
1584019474.3389106 +4.15456820E-04
1584019474.840214 +4.14694683E-04
1584019475.3413506 +4.13743125E-04
1584019475.842233 +4.12653959E-04
1584019476.343221 +4.11373691E-04
1584019476.8445678 +4.09878943E-04
1584019477.345734 +4.08233216E-04
1584019477.847047 +4.06510049E-04
1584019478.3481183 +4.04699972E-04
1584019478.8491988 +4.02557852E-04
1584019479.3503435 +4.00388991E-04
1584019479.8517196 +3.97954384E-04
1584019480.3528526 +3.95631202E-04
1584019480.8539703 +3.92904665E-04
1584019481.3550475 +3.92084815E-04
1584019481.8564 +3.91900966E-04
1584019482.3576448 +3.91839126E-04
1584019482.858564 +3.91829655E-04
1584019483.3595858 +3.91851382E-04
1584019483.8609629 +3.91904060E-04
1584019484.3620267 +3.91965900E-04
1584019484.8632066 +3.92012141E-04
1584019485.3643343 +3.92053925E-04
1584019485.8656852 +3.92087352E-04
1584019486.3668327 +3.92089717E-04
1584019486.868247 +3.92099745E-04
1584019487.3693478 +3.92074675E-04
1584019487.8706975 +3.92041805E-04
1584019488.37173 +3.92003921E-04
1584019488.8730617 +3.91953917E-04
1584019489.374218 +3.91901548E-04
1584019489.8754752 +3.91843607E-04
1584019490.376605 +3.91794581E-04
1584019490.877724 +3.91731069E-04
1584019491.3782046 +3.91676425E-04
1584019491.8793974 +3.91635756E-04
1584019492.3804696 +3.91599543E-04
1584019492.8816655 +3.91572801E-04
1584019493.3825219 +3.91568902E-04
1584019493.8838525 +3.91542894E-04
1584019494.3849857 +3.91591363E-04
1584019494.8862534 +3.91623676E-04
1584019495.3872337 +3.91637047E-04
1584019495.8883712 +3.91698216E-04
1584019496.3894022 +3.91751700E-04
1584019496.8905387 +3.91825797E-04
1584019497.3915231 +3.91885965E-04
1584019497.8927443 +3.91934992E-04
1584019498.3938575 +3.92019605E-04
1584019498.8952363 +3.92100387E-04
1584019499.3964403 +3.92185069E-04
1584019499.8976173 +3.92230196E-04
1584019500.3986385 +3.92315992E-04
1584019500.899819 +3.92374002E-04
1584019501.4009914 +3.92497125E-04
1584019501.902307 +3.92617463E-04
1584019502.4036345 +3.92761756E-04
1584019502.9049652 +3.92952291E-04
1584019503.4062464 +3.93237732E-04
1584019503.907629 +3.94576487E-04
1584019504.4088502 +3.96875713E-04
1584019504.9103107 +3.99349317E-04
1584019505.411505 +4.01548262E-04
1584019505.9128566 +4.03665774E-04
1584019506.4142425 +4.05634629E-04
1584019506.9152684 +4.07539972E-04
1584019507.4163356 +4.09249210E-04
1584019507.9177194 +4.10787970E-04
1584019508.4191012 +4.12178407E-04
1584019508.9203575 +4.13384567E-04
1584019509.4216514 +4.14525544E-04
1584019509.9228907 +4.15435874E-04
1584019510.4240043 +4.16257623E-04
1584019510.9253576 +4.16863718E-04
1584019511.4267228 +4.17324454E-04
1584019511.9281406 +4.17614155E-04
1584019512.429575 +4.17757892E-04
1584019512.930994 +4.17743964E-04
1584019513.4323618 +4.17551568E-04
1584019513.933784 +4.17201698E-04
1584019514.435303 +4.16684692E-04
1584019514.9367063 +4.16042892E-04
1584019515.437985 +4.15271283E-04
1584019515.9393575 +4.14251344E-04
1584019516.4408205 +4.13125408E-04
1584019516.942303 +4.11850721E-04
1584019517.4437497 +4.10445669E-04
1584019517.945187 +4.08792699E-04
1584019518.4464552 +4.07064365E-04
1584019518.9478443 +4.05190220E-04
1584019519.449315 +4.03308275E-04
1584019519.9507527 +4.01060860E-04
1584019520.4519207 +3.98834059E-04
1584019520.9532967 +3.96336382E-04
1584019521.4543953 +3.93966402E-04
1584019521.9557457 +3.93197579E-04
1584019522.457067 +3.93015402E-04
1584019522.9583888 +3.92943533E-04
1584019523.4596286 +3.92873422E-04
1584019523.961007 +3.92920777E-04
1584019524.4622228 +3.92933591E-04
1584019524.9635823 +3.92971475E-04
1584019525.4644418 +3.92996545E-04
1584019525.9655645 +3.93041230E-04
1584019526.4668965 +3.93050701E-04
1584019526.9683235 +3.93074657E-04
1584019527.469723 +3.93071314E-04
1584019527.9711878 +3.93068529E-04
1584019528.472354 +3.93039101E-04
1584019528.9737172 +3.92993975E-04
1584019529.475051 +3.92925449E-04
1584019529.9764395 +3.92873080E-04
1584019530.4776447 +3.92837556E-04
1584019530.9790018 +3.92769588E-04
1584019531.4802663 +3.92699948E-04
1584019531.9816413 +3.92664292E-04
1584019532.4830368 +3.92598552E-04
1584019532.9843397 +3.92546455E-04
1584019533.485735 +3.92520271E-04
1584019533.9871356 +3.92482387E-04
1584019534.488296 +3.92466230E-04
1584019534.9895806 +3.92479601E-04
1584019535.490819 +3.92479042E-04
1584019535.9921381 +3.92495199E-04
1584019536.4933805 +3.92515255E-04
1584019536.9943893 +3.92568181E-04
1584019537.495409 +3.92631693E-04
1584019537.9967527 +3.92700623E-04
1584019538.497776 +3.92730150E-04
1584019538.9990096 +3.92798119E-04
1584019539.500156 +3.92876673E-04
1584019540.0015156 +3.92921799E-04
1584019540.5027852 +3.92982278E-04
1584019541.0040865 +3.93049132E-04
1584019541.5053382 +3.93103173E-04
1584019542.0067265 +3.93173927E-04
1584019542.5078213 +3.93255823E-04
1584019543.0091038 +3.93337888E-04
1584019543.5103803 +3.93415884E-04
1584019544.01177 +3.93569649E-04
1584019544.5130923 +3.93752941E-04
1584019545.0142372 +3.94005316E-04
1584019545.515168 +3.95205869E-04
1584019546.0164943 +3.97666105E-04
1584019546.5177577 +3.99818811E-04
1584019547.0188646 +4.01977646E-04
1584019547.5199416 +4.04066284E-04
1584019548.0212984 +4.05883765E-04
1584019548.5224054 +4.07756242E-04
1584019549.02376 +4.09399742E-04
1584019549.5249012 +4.10920677E-04
1584019550.0263436 +4.12194807E-04
1584019550.5276637 +4.13476291E-04
1584019551.0290403 +4.14615042E-04
1584019551.5303528 +4.15567716E-04
1584019552.0317328 +4.16385566E-04
1584019552.5328603 +4.17108707E-04
1584019553.0342047 +4.17623436E-04
1584019553.5353792 +4.18018991E-04
1584019554.0367496 +4.18256881E-04
1584019554.5382378 +4.18351034E-04
1584019555.0392075 +4.18289751E-04
1584019555.5404346 +4.18060497E-04
1584019556.0417478 +4.17749068E-04
1584019556.5431352 +4.17276631E-04
1584019557.0445387 +4.16625359E-04
1584019557.5457773 +4.15842051E-04
1584019558.0472124 +4.14865373E-04
1584019558.5485997 +4.13843060E-04
1584019559.0501235 +4.12557788E-04
1584019559.5513315 +4.11283658E-04
1584019560.0522816 +4.09780552E-04
1584019560.5535374 +4.08194357E-04
1584019561.0548146 +4.06444446E-04
1584019561.5560262 +4.04504557E-04
1584019562.0573256 +4.02492243E-04
1584019562.5586524 +4.00395803E-04
1584019563.0600433 +3.98323821E-04
1584019563.561361 +3.95878068E-04
1584019564.0626814 +3.93987763E-04
1584019564.5641046 +3.93796115E-04
1584019565.06558 +3.93691933E-04
1584019565.56669 +3.93616380E-04
1584019566.0680315 +3.93610252E-04
1584019566.569251 +3.93646464E-04
1584019567.0700939 +3.93668749E-04
1584019567.5711129 +3.93699869E-04
1584019568.0724556 +3.93780094E-04
1584019568.573712 +3.93816864E-04
1584019569.075082 +3.93850291E-04
1584019569.57648 +3.93861434E-04
1584019570.0778785 +3.93860808E-04
1584019570.5792377 +3.93867493E-04
1584019571.080464 +3.93832952E-04
1584019571.58178 +3.93832952E-04
1584019572.0829277 +3.93789496E-04
1584019572.5841463 +3.93731879E-04
1584019573.0853221 +3.93670039E-04
1584019573.586567 +3.93631040E-04
1584019574.0879483 +3.93585914E-04
1584019574.589281 +3.93529088E-04
1584019575.0906398 +3.93484751E-04
1584019575.5919714 +3.93423468E-04
1584019576.0933642 +3.93410654E-04
1584019576.5946012 +3.93381684E-04
1584019577.095971 +3.93351042E-04
1584019577.597227 +3.93334661E-04
1584019578.0985975 +3.93346361E-04
1584019578.5998645 +3.93317391E-04
1584019579.1011677 +3.93382016E-04
1584019579.60262 +3.93395944E-04
1584019580.1040177 +3.93444552E-04
1584019580.605135 +3.93485221E-04
1584019581.1065252 +3.93551518E-04
1584019581.6079218 +3.93634529E-04
1584019582.1090064 +3.93682998E-04
1584019582.610351 +3.93745326E-04
1584019583.1118088 +3.93822766E-04
1584019583.6130438 +3.93890177E-04
1584019584.114471 +3.93973745E-04
1584019584.615633 +3.94027785E-04
1584019585.116996 +3.94084588E-04
1584019585.6184018 +3.94181526E-04
1584019586.1197975 +3.94256737E-04
1584019586.6210089 +3.94354790E-04
1584019587.1224284 +3.94494627E-04
1584019587.6238303 +3.94665359E-04
1584019588.1252372 +3.94885420E-04
1584019588.6262398 +3.95120524E-04
1584019589.1274283 +3.97236457E-04
1584019589.6288126 +3.99462142E-04
1584019590.1303089 +4.01568754E-04
1584019590.6316414 +4.03483011E-04
1584019591.1330247 +4.05405068E-04
1584019591.6342244 +4.07282555E-04
1584019592.1355584 +4.09000149E-04
1584019592.636958 +4.10583268E-04
1584019593.1384037 +4.11940963E-04
1584019593.6395724 +4.13358271E-04
1584019594.140732 +4.14557745E-04
1584019594.6419666 +4.15644124E-04
1584019595.1430655 +4.16568095E-04
1584019595.6443434 +4.17426613E-04
1584019596.1457155 +4.18089025E-04
1584019596.6468608 +4.18662856E-04
1584019597.1482255 +4.19089051E-04
1584019597.6496305 +4.19350909E-04
1584019598.1510067 +4.19492974E-04
1584019598.6524754 +4.19509130E-04
1584019599.153876 +4.19387679E-04
1584019599.6557171 +4.19141433E-04
1584019600.1571352 +4.18723585E-04
1584019600.6582053 +4.18208251E-04
1584019601.159521 +4.17540825E-04
1584019601.6603703 +4.16754732E-04
1584019602.161673 +4.15776744E-04
1584019602.6621678 +4.14765020E-04
1584019603.1630538 +4.13598417E-04
1584019603.6643817 +4.12210639E-04
1584019604.1657178 +4.10844031E-04
1584019604.6666708 +4.09237067E-04
1584019605.167789 +4.07552346E-04
1584019605.6689434 +4.05783501E-04
1584019606.170396 +4.03985686E-04
1584019606.6712606 +4.01843573E-04
1584019607.1725926 +3.99760559E-04
1584019607.673995 +3.97445743E-04
1584019608.1753032 +3.95256835E-04
1584019608.6766949 +3.94945407E-04
1584019609.1782076 +3.94819499E-04
1584019609.6796134 +3.94742397E-04
1584019610.1806877 +3.94706741E-04
1584019610.6817324 +3.94717327E-04
1584019611.1826687 +3.94726240E-04
1584019611.6835215 +3.94778609E-04
1584019612.184701 +3.94826974E-04
1584019612.686056 +3.94855944E-04
1584019613.187441 +3.94876001E-04
1584019613.6887155 +3.94909985E-04
1584019614.190186 +3.94921127E-04
1584019614.691594 +3.94927254E-04
1584019615.1922426 +3.94896055E-04
1584019615.6935773 +3.94874328E-04
1584019616.1950119 +3.94839229E-04
1584019616.6964421 +3.94792989E-04
1584019617.1977394 +3.94734991E-04
1584019617.699198 +3.94669251E-04
1584019618.2005868 +3.94609083E-04
1584019618.7015378 +3.94561171E-04
1584019619.2027583 +3.94492645E-04
1584019619.7041657 +3.94445707E-04
1584019620.2055755 +3.94402809E-04
1584019620.7070186 +3.94347097E-04
1584019621.2082272 +3.94320912E-04
1584019621.7092574 +3.94277457E-04
1584019622.2104461 +3.94273316E-04
1584019622.7114885 +3.94296158E-04
1584019623.212835 +3.94269974E-04
1584019623.7143438 +3.94293930E-04
1584019624.2156782 +3.94295601E-04
1584019624.7170727 +3.94318432E-04
1584019625.218501 +3.94355759E-04
1584019625.719709 +3.94408685E-04
1584019626.2211485 +3.94463283E-04
1584019626.722459 +3.94511195E-04
1584019627.2233624 +3.94566528E-04
1584019627.7241657 +3.94625582E-04
1584019628.2254992 +3.94700236E-04
1584019628.7267694 +3.94750377E-04
1584019629.228153 +3.94799960E-04
1584019629.7295656 +3.94843628E-04
1584019630.230835 +3.94913268E-04
1584019630.732046 +3.94975665E-04
1584019631.2329805 +3.95045862E-04
1584019631.7342813 +3.95093217E-04
1584019632.2356095 +3.95204447E-04
1584019632.736986 +3.95355426E-04
1584019633.2384398 +3.95529804E-04
1584019633.739648 +3.95742066E-04
1584019634.240864 +3.96539302E-04
1584019634.742029 +3.98831216E-04
1584019635.242922 +4.00904810E-04
1584019635.744241 +4.02985646E-04
1584019636.2456446 +4.04809650E-04
1584019636.7472038 +4.06705150E-04
1584019637.2481356 +4.08395447E-04
1584019637.749457 +4.09982120E-04
1584019638.2508357 +4.11444556E-04
1584019638.7522764 +4.12763812E-04
1584019639.253559 +4.14067978E-04
1584019639.7548203 +4.15229012E-04
1584019640.2558222 +4.16288651E-04
1584019640.7569678 +4.17147170E-04
1584019641.2583222 +4.17951092E-04
1584019641.7592874 +4.18646131E-04
1584019642.2602 +4.19153108E-04
1584019642.7614903 +4.19562033E-04
1584019643.2621176 +4.19887947E-04
1584019643.7633421 +4.20030569E-04
1584019644.2642486 +4.20101781E-04
1584019644.765271 +4.19999271E-04
1584019645.2661932 +4.19789795E-04
1584019645.7671432 +4.19510122E-04
1584019646.2680442 +4.19031001E-04
1584019646.769293 +4.18420859E-04
1584019647.2702522 +4.17777946E-04
1584019647.771383 +4.16932798E-04
1584019648.2723486 +4.16014111E-04
1584019648.773524 +4.14930517E-04
1584019649.2742796 +4.13503221E-04
1584019649.7753937 +4.12543864E-04
1584019650.2764125 +4.11146056E-04
1584019650.7777443 +4.09636267E-04
1584019651.2782362 +4.08069095E-04
1584019651.779601 +4.06428568E-04
1584019652.2805934 +4.04522670E-04
1584019652.782011 +4.02590030E-04
1584019653.2829568 +4.00493598E-04
1584019653.7841632 +3.98480176E-04
1584019654.285177 +3.96213678E-04
1584019654.7865376 +3.95554051E-04
1584019655.2875087 +3.95408644E-04
1584019655.7885644 +3.95314491E-04
1584019656.289606 +3.95256551E-04
1584019656.790957 +3.95244828E-04
1584019657.2919333 +3.95234243E-04
1584019657.793054 +3.95245942E-04
1584019658.2938 +3.95279926E-04
1584019658.7946842 +3.95318925E-04
1584019659.295615 +3.95334692E-04
1584019659.7969475 +3.95360877E-04
1584019660.2981942 +3.95347506E-04
1584019660.7994072 +3.95368119E-04
1584019661.3005033 +3.95359205E-04
1584019661.801556 +3.95357480E-04
1584019662.3023992 +3.95319039E-04
1584019662.8030438 +3.95266670E-04
1584019663.304081 +3.95206501E-04
1584019663.805423 +3.95158589E-04
1584019664.3064175 +3.95116745E-04
1584019664.807445 +3.95059919E-04
1584019665.308386 +3.95015349E-04
1584019665.8097126 +3.94944596E-04
1584019666.310812 +3.94874399E-04
1584019666.8119667 +3.94810321E-04
1584019667.3130293 +3.94798621E-04
1584019667.8144557 +3.94757395E-04
1584019668.3155563 +3.94715611E-04
1584019668.816678 +3.94684969E-04
1584019669.3177097 +3.94692577E-04
1584019669.8189895 +3.94687563E-04
1584019670.320038 +3.94698705E-04
1584019670.8212893 +3.94700376E-04
1584019671.3223345 +3.94739103E-04
1584019671.823217 +3.94768073E-04
1584019672.324164 +3.94810413E-04
1584019672.8252661 +3.94831027E-04
1584019673.326435 +3.94893424E-04
1584019673.8276749 +3.94949637E-04
1584019674.3286872 +3.95005906E-04
1584019674.8300989 +3.95062175E-04
1584019675.3311493 +3.95112315E-04
1584019675.8325267 +3.95140728E-04
1584019676.333617 +3.95202738E-04
1584019676.8347805 +3.95261792E-04
1584019677.3358302 +3.95301347E-04
1584019677.836905 +3.95374330E-04
1584019678.33801 +3.95425584E-04
1584019678.839348 +3.95503036E-04
1584019679.340381 +3.95607217E-04
1584019679.841728 +3.95676300E-04
1584019680.342845 +3.95848449E-04
1584019680.8441777 +3.96036197E-04
1584019681.345348 +3.96276518E-04
1584019681.8465452 +3.97862632E-04
1584019682.3476217 +3.99980236E-04
1584019682.8488338 +4.01882793E-04
1584019683.349796 +4.03741337E-04
1584019683.8511176 +4.05625682E-04
1584019684.3523288 +4.07217925E-04
1584019684.8537061 +4.08916578E-04
1584019685.3543203 +4.10439181E-04
1584019685.8556569 +4.11791863E-04
1584019686.356489 +4.13108889E-04
1584019686.857606 +4.14367418E-04
1584019687.3585653 +4.15445999E-04
1584019687.8599398 +4.16468310E-04
1584019688.3609736 +4.17342985E-04
1584019688.8622744 +4.18069319E-04
1584019689.3635502 +4.18782430E-04
1584019689.8649597 +4.19315035E-04
1584019690.3664126 +4.19789699E-04
1584019690.867699 +4.20107256E-04
1584019691.3688612 +4.20317835E-04
1584019691.8700335 +4.20428145E-04
1584019692.371054 +4.20420345E-04
1584019692.8723938 +4.20328421E-04
1584019693.373348 +4.20103345E-04
1584019693.8745265 +4.19754450E-04
1584019694.375788 +4.19295385E-04
1584019694.8771803 +4.18722667E-04
1584019695.3781734 +4.18019027E-04
1584019695.879397 +4.17241290E-04
1584019696.3808239 +4.16332854E-04
1584019696.8818898 +4.15355112E-04
1584019697.3829153 +4.14309402E-04
1584019697.8842258 +4.13033045E-04
1584019698.385421 +4.11743875E-04
1584019698.886791 +4.10259131E-04
1584019699.3879683 +4.08828453E-04
1584019699.8891916 +4.07144843E-04
1584019700.3902874 +4.05425021E-04
1584019700.8915904 +4.03627202E-04
1584019701.3926008 +4.01827616E-04
1584019701.8937736 +3.99773521E-04
1584019702.3950412 +3.97707168E-04
1584019702.896214 +3.96112138E-04
1584019703.397321 +3.95928289E-04
1584019703.8985112 +3.95805188E-04
1584019704.3996289 +3.95743905E-04
1584019704.9009924 +3.95708806E-04
1584019705.402384 +3.95721620E-04
1584019705.9034321 +3.95721620E-04
1584019706.4044278 +3.95717402E-04
1584019706.9054961 +3.95792056E-04
1584019707.4067998 +3.95810441E-04
1584019707.9082294 +3.95845539E-04
1584019708.409326 +3.95853918E-04
1584019708.9102564 +3.95892916E-04
1584019709.4114532 +3.95892916E-04
1584019709.9128242 +3.95899044E-04
1584019710.4139862 +3.95896816E-04
1584019710.9153523 +3.95851294E-04
1584019711.4166958 +3.95828452E-04
1584019711.9181914 +3.95782211E-04
1584019712.4195366 +3.95736527E-04
1584019712.920454 +3.95696972E-04
1584019713.421609 +3.95639690E-04
1584019713.9230034 +3.95588435E-04
1584019714.4240966 +3.95511553E-04
1584019714.9254584 +3.95462526E-04
1584019715.426644 +3.95402357E-04
1584019715.927768 +3.95343239E-04
1584019716.4288523 +3.95325969E-04
1584019716.9302735 +3.95283628E-04
1584019717.4316218 +3.95260229E-04
1584019717.9329998 +3.95227359E-04
1584019718.4342947 +3.95188709E-04
1584019718.9353495 +3.95197066E-04
1584019719.4365995 +3.95200408E-04
1584019719.9377825 +3.95222136E-04
1584019720.4390118 +3.95242192E-04
1584019720.9400678 +3.95277824E-04
1584019721.4409103 +3.95292867E-04
1584019721.9421716 +3.95321837E-04
1584019722.4433732 +3.95354707E-04
1584019722.944792 +3.95389805E-04
1584019723.4458718 +3.95466699E-04
1584019723.9470031 +3.95504583E-04
1584019724.4482121 +3.95526867E-04
1584019724.9494848 +3.95588708E-04
1584019725.4507651 +3.95588708E-04
1584019725.9521725 +3.95676677E-04
1584019726.453381 +3.95715119E-04
1584019726.9545143 +3.95742417E-04
1584019727.4558475 +3.95815400E-04
1584019727.9572177 +3.95871112E-04
1584019728.458489 +3.95929585E-04
1584019728.9599311 +3.96020952E-04
1584019729.4613938 +3.96090035E-04
1584019729.9628513 +3.96229314E-04
1584019730.4642422 +3.96404806E-04
1584019730.9661155 +3.96608904E-04
1584019731.4674082 +3.97916461E-04
1584019731.9688153 +3.99986712E-04
1584019732.4700427 +4.01783418E-04
1584019732.971279 +4.03666477E-04
1584019733.4726033 +4.05369553E-04
1584019733.9740522 +4.06910542E-04
1584019734.4754891 +4.08552926E-04
1584019734.97691 +4.10032075E-04
1584019735.478342 +4.11467211E-04
1584019735.9797425 +4.12704973E-04
1584019736.4810314 +4.13947347E-04
1584019736.9824681 +4.15063813E-04
1584019737.4839194 +4.16062170E-04
1584019737.98533 +4.16915675E-04
1584019738.4865532 +4.17776931E-04
1584019738.9879365 +4.18495614E-04
1584019739.4889503 +4.19100645E-04
1584019739.990119 +4.19576981E-04
1584019740.4915612 +4.19968027E-04
1584019740.992666 +4.20286698E-04
1584019741.49397 +4.20493946E-04
1584019741.995404 +4.20571385E-04
1584019742.4968612 +4.20564700E-04
1584019742.9980793 +4.20454726E-04
1584019743.4992077 +4.20232436E-04
1584019744.0005918 +4.19905409E-04
1584019744.5020983 +4.19519883E-04
1584019745.003525 +4.18979479E-04
1584019745.5048685 +4.18376808E-04
1584019746.0061843 +4.17592387E-04
1584019746.507227 +4.16826350E-04
1584019747.008302 +4.15848609E-04
1584019747.5095723 +4.14898723E-04
1584019748.0108147 +4.13743721E-04
1584019748.5121028 +4.12557618E-04
1584019749.0134695 +4.11323603E-04
1584019749.514468 +4.09874540E-04
1584019750.015825 +4.08382579E-04
1584019750.5169642 +4.06829869E-04
1584019751.018395 +4.05186929E-04
1584019751.5194676 +4.03376855E-04
1584019752.0207424 +4.01562323E-04
1584019752.5218687 +3.99682051E-04
1584019753.023156 +3.97859574E-04
1584019753.5240982 +3.96013285E-04
1584019754.0252035 +3.95821079E-04
1584019754.5265086 +3.95690156E-04
1584019755.0275578 +3.95589318E-04
1584019755.52889 +3.95547657E-04
1584019756.030251 +3.95509216E-04
1584019756.5316827 +3.95468546E-04
1584019757.0330644 +3.95476346E-04
1584019757.5339992 +3.95502531E-04
1584019758.0350635 +3.95519755E-04
1584019758.536016 +3.95542040E-04
1584019759.037248 +3.95559868E-04
1584019759.5386 +3.95559311E-04
1584019760.0396817 +3.95564882E-04
1584019760.5408626 +3.95556632E-04
1584019761.042288 +3.95564988E-04
1584019761.5432594 +3.95515405E-04
1584019762.0445967 +3.95479749E-04
1584019762.5457125 +3.95441308E-04
1584019763.0465848 +3.95395578E-04
1584019763.5477195 +3.95347666E-04
1584019764.0491009 +3.95283598E-04
1584019764.5503051 +3.95226214E-04
1584019765.0516844 +3.95182759E-04
1584019765.5528493 +3.95122449E-04
1584019766.054312 +3.95059495E-04
1584019766.5555456 +3.94996541E-04
1584019767.0564005 +3.94958657E-04
1584019767.5576456 +3.94892917E-04
1584019768.059035 +3.94829939E-04
1584019768.5601737 +3.94790940E-04
1584019769.0615444 +3.94768656E-04
1584019769.5627232 +3.94749714E-04
1584019770.0640237 +3.94721301E-04
1584019770.5651448 +3.94708804E-04
1584019771.0663772 +3.94708247E-04
1584019771.567834 +3.94715490E-04
1584019772.0693192 +3.94742788E-04
1584019772.5706055 +3.94762820E-04
1584019773.07203 +3.94753907E-04
1584019773.57339 +3.94807390E-04
1584019774.0747623 +3.94841374E-04
1584019774.5762324 +3.94867559E-04
1584019775.0776207 +3.94924384E-04
1584019775.5789034 +3.94952797E-04
1584019776.0801542 +3.95012409E-04
1584019776.5814536 +3.95077034E-04
1584019777.082622 +3.95080934E-04
1584019777.5839522 +3.95104277E-04
1584019778.085275 +3.95140490E-04
1584019778.586694 +3.95181159E-04
1584019779.0883312 +3.95231857E-04
1584019779.5896606 +3.95263613E-04
1584019780.0909169 +3.95332331E-04
1584019780.592245 +3.95398628E-04
1584019781.0934827 +3.95473839E-04
1584019781.5948844 +3.95578020E-04
1584019782.0961108 +3.95711728E-04
1584019782.597563 +3.95872053E-04
1584019783.0988736 +3.96084873E-04
1584019783.6002817 +3.97796898E-04
1584019784.1014056 +3.99736227E-04
1584019784.6025198 +4.01536277E-04
1584019785.1036491 +4.03258494E-04
1584019785.6050208 +4.04787228E-04
1584019786.1062143 +4.06443542E-04
1584019786.6074047 +4.07937734E-04
1584019787.1084213 +4.09321617E-04
1584019787.6094434 +4.10658724E-04
1584019788.1107016 +4.11876028E-04
1584019788.6119556 +4.13077733E-04
1584019789.1133552 +4.14166343E-04
1584019789.6147747 +4.15139630E-04
1584019790.1162217 +4.16034279E-04
1584019790.617649 +4.16877757E-04
1584019791.1188114 +4.17570255E-04
1584019791.6196105 +4.18210942E-04
1584019792.1208692 +4.18714577E-04
1584019792.621991 +4.19186144E-04
1584019793.1231132 +4.19509272E-04
1584019793.6240814 +4.19757190E-04
1584019794.1251912 +4.19909283E-04
1584019794.6266077 +4.19983937E-04
1584019795.127954 +4.19980592E-04
1584019795.6291828 +4.19840198E-04
1584019796.130597 +4.19606209E-04
1584019796.6317778 +4.19315393E-04
1584019797.1331236 +4.18896997E-04
1584019797.6343906 +4.18423232E-04
1584019798.135681 +4.17851072E-04
1584019798.6366954 +4.17158575E-04
1584019799.1379838 +4.16343511E-04
1584019799.6392698 +4.15512848E-04
1584019800.1404414 +4.14562621E-04
1584019800.6418514 +4.13490725E-04
1584019801.1430004 +4.12419944E-04
1584019801.6441877 +4.11156957E-04
1584019802.1455643 +4.09863886E-04
1584019802.646925 +4.08480027E-04
1584019803.1483421 +4.07118987E-04
1584019803.6498003 +4.05510587E-04
1584019804.1510997 +4.03893273E-04
1584019804.6522598 +4.02201305E-04
1584019805.153638 +4.00498239E-04
1584019805.654932 +3.98775630E-04
1584019806.1562955 +3.96816245E-04
1584019806.6575532 +3.95504788E-04
1584019807.158626 +3.95331525E-04
1584019807.659845 +3.95200600E-04
1584019808.1611288 +3.95128732E-04
1584019808.662102 +3.95063549E-04
1584019809.1634371 +3.95055192E-04
1584019809.6647425 +3.95054635E-04
1584019810.1661494 +3.95084719E-04
1584019810.6675253 +3.95092518E-04
1584019811.1689603 +3.95121489E-04
1584019811.6703384 +3.95173858E-04
1584019812.1714666 +3.95186887E-04
1584019812.672849 +3.95216414E-04
1584019813.1743553 +3.95214743E-04
1584019813.6757064 +3.95239813E-04
1584019814.1767948 +3.95216972E-04
1584019814.6778717 +3.95230263E-04
1584019815.179334 +3.95197951E-04
1584019815.6805012 +3.95173995E-04
1584019816.1818233 +3.95132211E-04
1584019816.6827571 +3.95082070E-04
1584019817.1839614 +3.95039365E-04
1584019817.6853778 +3.94996467E-04
1584019818.1866322 +3.94921813E-04
1584019818.6879609 +3.94915685E-04
1584019819.1889162 +3.94823760E-04
1584019819.689838 +3.94788436E-04
1584019820.1912065 +3.94707654E-04
1584019820.69242 +3.94675898E-04
1584019821.1934254 +3.94651942E-04
1584019821.6945922 +3.94607373E-04
1584019822.195997 +3.94569281E-04
1584019822.6971624 +3.94528612E-04
1584019823.1984067 +3.94514127E-04
1584019823.6997879 +3.94521369E-04
1584019824.200718 +3.94502984E-04
1584019824.7018228 +3.94510195E-04
1584019825.203299 +3.94507409E-04
1584019825.70472 +3.94509638E-04
1584019826.2062473 +3.94541950E-04
1584019826.7076747 +3.94544179E-04
1584019827.2091045 +3.94595046E-04
1584019827.7105706 +3.94631259E-04
1584019828.211763 +3.94647415E-04
1584019828.712734 +3.94686414E-04
1584019829.2138102 +3.94723183E-04
1584019829.7152002 +3.94777781E-04
1584019830.216561 +3.94794495E-04
1584019830.717998 +3.94838507E-04
1584019831.219337 +3.94889205E-04
1584019831.7207203 +3.94908704E-04
1584019832.2222416 +3.94961813E-04
1584019832.7237244 +3.94982426E-04
1584019833.2250402 +3.95052066E-04
1584019833.7265177 +3.95074351E-04
1584019834.2275348 +3.95149005E-04
1584019834.728556 +3.95190446E-04
1584019835.2296278 +3.95280699E-04
1584019835.7305892 +3.95368724E-04
1584019836.2317677 +3.95480705E-04
1584019836.7332091 +3.95613856E-04
1584019837.2342396 +3.95800794E-04
1584019837.735426 +3.96340084E-04
1584019838.2368548 +3.98013111E-04
1584019838.7381465 +3.99854945E-04
1584019839.2395515 +4.01523515E-04
1584019839.740729 +4.03148223E-04
1584019840.2419934 +4.04696456E-04
1584019840.743417 +4.06255831E-04
1584019841.2446904 +4.07614644E-04
1584019841.7458096 +4.08972342E-04
1584019842.2470703 +4.10269494E-04
1584019842.7480257 +4.11442228E-04
1584019843.2498822 +4.12587663E-04
1584019843.75128 +4.13658444E-04
1584019844.252494 +4.14615573E-04
1584019844.7538686 +4.15456378E-04
1584019845.2549498 +4.16304869E-04
1584019845.7562988 +4.17015195E-04
1584019846.2576416 +4.17658110E-04
1584019846.7586057 +4.18180130E-04
1584019847.259831 +4.18664144E-04
1584019847.761133 +4.19084769E-04
1584019848.262151 +4.19375584E-04
1584019848.7634933 +4.19604560E-04
1584019849.2643936 +4.19727683E-04
1584019849.7656682 +4.19751604E-04
1584019850.2661285 +4.19722634E-04
1584019850.7670982 +4.19598954E-04
1584019851.267903 +4.19407305E-04
1584019851.7691667 +4.19120603E-04
1584019852.270187 +4.18730620E-04
1584019852.7711582 +4.18279354E-04
1584019853.2720993 +4.17747306E-04
1584019853.7734518 +4.17132804E-04
1584019854.2742846 +4.16396186E-04
1584019854.7757497 +4.15608978E-04
1584019855.2767522 +4.14733745E-04
1584019855.77799 +4.13830657E-04
1584019856.2790146 +4.12759318E-04
1584019856.78009 +4.11718039E-04
1584019857.2810702 +4.10491264E-04
1584019857.7823918 +4.09291789E-04
1584019858.283434 +4.07976433E-04
1584019858.7843645 +4.06515669E-04
1584019859.2853603 +4.05028885E-04
1584019859.7866054 +4.03497923E-04
1584019860.2875965 +4.02012088E-04
1584019860.7889688 +4.00278893E-04
1584019861.2900486 +3.98540126E-04
1584019861.791144 +3.96771993E-04
1584019862.2921884 +3.95127936E-04
1584019862.7935202 +3.94936287E-04
1584019863.2946 +3.94828763E-04
1584019863.7960477 +3.94734053E-04
1584019864.2971654 +3.94665224E-04
1584019864.7981453 +3.94623440E-04
1584019865.299118 +3.94612855E-04
1584019865.8003037 +3.94599484E-04
1584019866.3013043 +3.94618983E-04
1584019866.802509 +3.94646483E-04
1584019867.3035345 +3.94674896E-04
1584019867.8050444 +3.94664868E-04
1584019868.306161 +3.94705537E-04
1584019868.8077466 +3.94687152E-04
1584019869.3088381 +3.94694371E-04
1584019869.8097289 +3.94711641E-04
1584019870.310793 +3.94669300E-04
1584019870.8118415 +3.94645344E-04
1584019871.312896 +3.94640330E-04
1584019871.81436 +3.94607653E-04
1584019872.3154097 +3.94581469E-04
1584019872.816757 +3.94530771E-04
1584019873.317974 +3.94486758E-04
1584019873.8193614 +3.94457788E-04
1584019874.3203797 +3.94379792E-04
1584019874.8214054 +3.94335779E-04
1584019875.3224251 +3.94276168E-04
1584019875.823789 +3.94232712E-04
1584019876.32494 +3.94173101E-04
1584019876.8263786 +3.94125713E-04
1584019877.327594 +3.94075015E-04
1584019877.8289998 +3.94034345E-04
1584019878.3302202 +3.93998132E-04
1584019878.8316 +3.93949663E-04
1584019879.3326702 +3.93936270E-04
1584019879.8341243 +3.93901171E-04
1584019880.335176 +3.93858273E-04
1584019880.8363323 +3.93884458E-04
1584019881.3374126 +3.93851031E-04
1584019881.8386364 +3.93876355E-04
1584019882.3396616 +3.93876355E-04
1584019882.840803 +3.93885269E-04
1584019883.3418868 +3.93910340E-04
1584019883.843315 +3.93918139E-04
1584019884.3444593 +3.93933397E-04
1584019884.845826 +3.93976852E-04
1584019885.3469563 +3.94014179E-04
1584019885.848307 +3.94034235E-04
1584019886.3493555 +3.94060977E-04
1584019886.85057 +3.94104731E-04
1584019887.3517492 +3.94137601E-04
1584019887.8528297 +3.94169914E-04
1584019888.3540273 +3.94204456E-04
1584019888.8554208 +3.94208889E-04
1584019889.3565083 +3.94261815E-04
1584019889.8577418 +3.94306385E-04
1584019890.358951 +3.94328670E-04
1584019890.8604 +3.94373796E-04
1584019891.36158 +3.94416878E-04
1584019891.8624423 +3.94482060E-04
1584019892.363516 +3.94539444E-04
1584019892.8647785 +3.94616326E-04
1584019893.3661003 +3.94719950E-04
1584019893.8674407 +3.94831103E-04
1584019894.3685746 +3.94986539E-04
1584019894.870086 +3.95177630E-04
1584019895.3712645 +3.96144787E-04
1584019895.8726587 +3.97915865E-04
1584019896.3740377 +3.99577191E-04
1584019896.8753612 +4.01177234E-04
1584019897.3764942 +4.02624070E-04
1584019897.8777313 +4.04176758E-04
1584019898.3789604 +4.05585709E-04
1584019898.8803685 +4.06930498E-04
1584019899.3815186 +4.08194598E-04
1584019899.8829174 +4.09348390E-04
1584019900.3838727 +4.10539508E-04
1584019900.8852496 +4.11631459E-04
1584019901.3864975 +4.12674147E-04
1584019901.8874216 +4.13573892E-04
1584019902.3885906 +4.14481994E-04
1584019902.889507 +4.15255831E-04
1584019903.3904607 +4.16006825E-04
1584019903.891472 +4.16636144E-04
1584019904.392749 +4.17226689E-04
1584019904.8942018 +4.17695225E-04
1584019905.3955598 +4.18123649E-04
1584019905.8970046 +4.18477976E-04
1584019906.398254 +4.18766004E-04
1584019906.8996487 +4.18978824E-04
1584019907.4010155 +4.19072977E-04
1584019907.9022796 +4.19147073E-04
1584019908.4034023 +4.19113646E-04
1584019908.9048073 +4.19001097E-04
1584019909.406133 +4.18831176E-04
1584019909.9075313 +4.18565988E-04
1584019910.4085853 +4.18232274E-04
1584019910.9100294 +4.17803851E-04
1584019911.4112523 +4.17323614E-04
1584019911.9123511 +4.16775410E-04
1584019912.4135242 +4.16105197E-04
1584019912.9148755 +4.15438884E-04
1584019913.416016 +4.14626048E-04
1584019913.9171216 +4.13759172E-04
1584019914.4182634 +4.12848841E-04
1584019914.9192312 +4.11929596E-04
1584019915.4203336 +4.10801432E-04
1584019915.9218206 +4.09681625E-04
1584019916.4231668 +4.08402925E-04
1584019916.9245684 +4.07221835E-04
1584019917.4261189 +4.05822912E-04
1584019917.927355 +4.04489729E-04
1584019918.4286075 +4.03017266E-04
1584019918.9300942 +4.01423808E-04
1584019919.4313855 +3.99943544E-04
1584019919.9327836 +3.98235976E-04
1584019920.4341435 +3.96503337E-04
1584019920.9355547 +3.94776269E-04
1584019921.4369884 +3.94566791E-04
1584019921.938226 +3.94429183E-04
1584019922.4394596 +3.94353415E-04
1584019922.9406571 +3.94328344E-04
1584019923.441991 +3.94304945E-04
1584019923.943412 +3.94289099E-04
1584019924.4447746 +3.94310269E-04
1584019924.9461968 +3.94324754E-04
1584019925.4474697 +3.94347596E-04
1584019925.9488666 +3.94402773E-04
1584019926.4500792 +3.94407787E-04
1584019926.9514675 +3.94456813E-04
1584019927.4528892 +3.94459599E-04
1584019927.9543939 +3.94496926E-04
1584019928.455593 +3.94511418E-04
1584019928.9569268 +3.94525346E-04
1584019929.4584002 +3.94535931E-04
1584019929.9598596 +3.94516989E-04
1584019930.4611516 +3.94500275E-04
1584019930.9626021 +3.94486904E-04
1584019931.4638958 +3.94442334E-04
1584019931.9651778 +3.94431192E-04
1584019932.4663045 +3.94392751E-04
1584019932.9672227 +3.94345953E-04
1584019933.4682183 +3.94315813E-04
1584019933.9691768 +3.94256758E-04
1584019934.4703112 +3.94237259E-04
1584019934.9716856 +3.94185447E-04
1584019935.4730463 +3.94136421E-04
1584019935.9744976 +3.94105266E-04
1584019936.4756446 +3.94070725E-04
1584019936.9770188 +3.94026156E-04
1584019937.4784257 +3.93997743E-04
1584019937.9798286 +3.93978244E-04
1584019938.4809542 +3.93945741E-04
1584019938.982114 +3.93930698E-04
1584019939.4833462 +3.93918442E-04
1584019939.9847832 +3.93905071E-04
1584019940.4860222 +3.93889472E-04
1584019940.987398 +3.93896491E-04
1584019941.4885764 +3.93915991E-04
1584019941.9900644 +3.93917105E-04
1584019942.4913695 +3.93944404E-04
1584019942.9924378 +3.93961674E-04
1584019943.4933162 +3.93991271E-04
1584019943.9944308 +3.94034727E-04
1584019944.4955986 +3.94023027E-04
1584019944.9969175 +3.94079853E-04
1584019945.4984338 +3.94122194E-04
1584019945.9998856 +3.94191743E-04
1584019946.5012608 +3.94209014E-04
1584019947.0026884 +3.94265283E-04
1584019947.5040221 +3.94298153E-04
1584019948.0055437 +3.94348851E-04
1584019948.5067964 +3.94388624E-04
1584019949.0082135 +3.94418709E-04
1584019949.5095963 +3.94446008E-04
1584019950.0110242 +3.94503391E-04
1584019950.5124776 +3.94543503E-04
1584019951.0136461 +3.94598885E-04
1584019951.5145943 +3.94652925E-04
1584019952.01567 +3.94690252E-04
1584019952.5168624 +3.94795547E-04
1584019953.0182846 +3.94863516E-04
1584019953.5192256 +3.94978452E-04
1584019954.0200853 +3.95073719E-04
1584019954.5214357 +3.95234169E-04
1584019955.02249 +3.95386262E-04
1584019955.5232847 +3.95851456E-04
1584019956.0245016 +3.97484895E-04
1584019956.5258489 +3.99132294E-04
1584019957.0272937 +4.00596401E-04
1584019957.5288422 +4.02106192E-04
1584019958.0302875 +4.03600383E-04
1584019958.5315232 +4.04908529E-04
1584019959.032807 +4.06299096E-04
1584019959.5340142 +4.07560970E-04
1584019960.0353293 +4.08786630E-04
1584019960.5364892 +4.09857969E-04
1584019961.0376801 +4.11002765E-04
1584019961.5386095 +4.12009478E-04
1584019962.0397923 +4.12996135E-04
1584019962.5407956 +4.13875825E-04
1584019963.0421088 +4.14760900E-04
1584019963.5435443 +4.15482926E-04
1584019964.0449786 +4.16222780E-04
1584019964.546492 +4.16827254E-04
1584019965.047913 +4.17391058E-04
1584019965.5493333 +4.17930494E-04
1584019966.0504024 +4.18360033E-04
1584019966.5517597 +4.18723275E-04
1584019967.052926 +4.19001834E-04
1584019967.5540595 +4.19227468E-04
1584019968.055423 +4.19387868E-04
1584019968.5567772 +4.19476450E-04
1584019969.058006 +4.19502078E-04
1584019969.559386 +4.19460851E-04
1584019970.060808 +4.19313771E-04
1584019970.5620728 +4.19142974E-04
1584019971.063384 +4.18882799E-04
1584019971.5643275 +4.18581955E-04
1584019972.065731 +4.18175258E-04
1584019972.566938 +4.17701149E-04
1584019973.0683331 +4.17211754E-04
1584019973.569663 +4.16623994E-04
1584019974.0710845 +4.15943752E-04
1584019974.5724494 +4.15221168E-04
1584019975.0737195 +4.14402761E-04
1584019975.5749907 +4.13593185E-04
1584019976.0762603 +4.12733551E-04
1584019976.5777242 +4.11697309E-04
1584019977.0790887 +4.10660511E-04
1584019977.5802479 +4.09499476E-04
1584019978.08108 +4.08417875E-04
1584019978.5823503 +4.07146530E-04
1584019979.083612 +4.05856244E-04
1584019979.5849109 +4.04500774E-04
1584019980.0863817 +4.03190989E-04
1584019980.5878172 +4.01682891E-04
1584019981.0891032 +4.00166971E-04
1584019981.5903435 +3.98618182E-04
1584019982.0915525 +3.97037636E-04
1584019982.5925994 +3.95483833E-04
1584019983.0937562 +3.94881051E-04
1584019983.594571 +3.94754585E-04
1584019984.0957239 +3.94683274E-04
1584019984.5968459 +3.94611963E-04
1584019985.0983016 +3.94582993E-04
1584019985.599727 +3.94554067E-04
1584019986.100966 +3.94531782E-04
1584019986.6024127 +3.94546267E-04
1584019987.1036575 +3.94589165E-04
1584019987.6047838 +3.94614793E-04
1584019988.1060958 +3.94613111E-04
1584019988.6074188 +3.94650995E-04
1584019989.1087496 +3.94657681E-04
1584019989.6102576 +3.94682194E-04
1584019990.1116798 +3.94692222E-04
1584019990.6131046 +3.94695834E-04
1584019991.1141365 +3.94724804E-04
1584019991.6154544 +3.94708091E-04
1584019992.116832 +3.94713662E-04
1584019992.618053 +3.94695277E-04
1584019993.1193724 +3.94674290E-04
1584019993.6207995 +3.94660919E-04
1584019994.1221228 +3.94626935E-04
1584019994.6232917 +3.94588493E-04
1584019995.1246054 +3.94539467E-04
1584019995.6261137 +3.94505413E-04
1584019996.127559 +3.94457501E-04
1584019996.6289282 +3.94439673E-04
1584019997.1304195 +3.94377276E-04
1584019997.6317713 +3.94341620E-04
1584019998.1327782 +3.94293675E-04
1584019998.63413 +3.94259134E-04
1584019999.1352057 +3.94219021E-04
1584019999.6362221 +3.94174452E-04
1584020000.1372342 +3.94146540E-04
1584020000.6384554 +3.94116456E-04
1584020001.139874 +3.94086929E-04
1584020001.641242 +3.94080800E-04
1584020002.1423652 +3.94060744E-04
1584020002.6435986 +3.94037277E-04
1584020003.1449733 +3.94054547E-04
1584020003.6464057 +3.94052319E-04
1584020004.1475775 +3.94054547E-04
1584020004.648876 +3.94060119E-04
1584020005.1502874 +3.94060607E-04
1584020005.6516237 +3.94080664E-04
1584020006.1530423 +3.94113534E-04
1584020006.6545246 +3.94128019E-04
1584020007.1558952 +3.94149189E-04
1584020007.656999 +3.94193529E-04
1584020008.1584136 +3.94216371E-04
1584020008.6594374 +3.94264840E-04
1584020009.160807 +3.94270968E-04
1584020009.6621811 +3.94318880E-04
1584020010.1636243 +3.94357426E-04
1584020010.6647043 +3.94391410E-04
1584020011.166249 +3.94423166E-04
1584020011.6675928 +3.94461607E-04
1584020012.1688528 +3.94503948E-04
1584020012.6706734 +3.94536570E-04
1584020013.1721559 +3.94574454E-04
1584020013.673278 +3.94611781E-04
1584020014.174656 +3.94637965E-04
1584020014.6759808 +3.94682535E-04
1584020015.1771843 +3.94747739E-04
1584020015.678551 +3.94806793E-04
1584020016.1799953 +3.94861391E-04
1584020016.6811736 +3.94961672E-04
1584020017.1823413 +3.95021841E-04
1584020017.6834002 +3.95159688E-04
1584020018.1843522 +3.95283368E-04
1584020018.6856585 +3.95444375E-04
1584020019.1869438 +3.95933525E-04
1584020019.6884341 +3.97550284E-04
1584020020.1898246 +3.99002635E-04
1584020020.6913455 +4.00476771E-04
1584020021.1927667 +4.01969292E-04
1584020021.6942058 +4.03276850E-04
1584020022.1953812 +4.04651818E-04
1584020022.6967528 +4.05935786E-04
1584020023.1982734 +4.07144733E-04
1584020023.6997557 +4.08243371E-04
1584020024.2010424 +4.09430033E-04
1584020024.7023227 +4.10501371E-04
1584020025.2033513 +4.11547226E-04
1584020025.7042575 +4.12459786E-04
1584020026.205621 +4.13350619E-04
1584020026.706632 +4.14192982E-04
1584020027.207948 +4.14968491E-04
1584020027.7093768 +4.15693811E-04
1584020028.210741 +4.16332826E-04
1584020028.7121885 +4.16969612E-04
1584020029.2136292 +4.17535088E-04
1584020029.7150788 +4.18003067E-04
1584020030.2165225 +4.18372935E-04
1584020030.7180452 +4.18748990E-04
1584020031.2189462 +4.19072676E-04
1584020031.719914 +4.19314465E-04
1584020032.221294 +4.19460987E-04
1584020032.722595 +4.19579048E-04
1584020033.223986 +4.19633645E-04
1584020033.7251976 +4.19613589E-04
1584020034.2266288 +4.19532807E-04
1584020034.72805 +4.19397884E-04
1584020035.2293568 +4.19185065E-04
1584020035.7306938 +4.18917091E-04
1584020036.232044 +4.18578919E-04
1584020036.7332613 +4.18247991E-04
1584020037.2345507 +4.17768310E-04
1584020037.7356112 +4.17273589E-04
1584020038.2367811 +4.16705327E-04
1584020038.7384489 +4.16056284E-04
1584020039.2396564 +4.15344843E-04
1584020039.7408688 +4.14631163E-04
1584020040.2420907 +4.13835597E-04
1584020040.7434862 +4.12933621E-04
1584020041.2448752 +4.12070087E-04
1584020041.7459762 +4.11052788E-04
1584020042.2476058 +4.10024416E-04
1584020042.7490232 +4.08951404E-04
1584020043.2509248 +4.07897892E-04
1584020043.7525518 +4.06637689E-04
1584020044.254278 +4.05405342E-04
1584020044.7557364 +4.04136466E-04
1584020045.257374 +4.02826678E-04
1584020045.7588499 +4.01367582E-04
1584020046.2597737 +4.00007097E-04
1584020046.7610373 +3.98514017E-04
1584020047.2622933 +3.96938504E-04
1584020047.7636585 +3.95450439E-04
1584020048.264565 +3.95112824E-04
1584020048.7654152 +3.95015885E-04
1584020049.2662716 +3.94941789E-04
1584020049.7672698 +3.94906371E-04
1584020050.2681184 +3.94877958E-04
1584020050.7693207 +3.94857902E-04
1584020051.2701879 +3.94886315E-04
1584020051.771466 +3.94897457E-04
1584020052.2724636 +3.94916855E-04
1584020052.773805 +3.94951953E-04
1584020053.2749023 +3.95007665E-04
1584020053.776246 +3.95025493E-04
1584020054.2773163 +3.95076191E-04
1584020054.778631 +3.95147991E-04
1584020055.2796621 +3.95154676E-04
1584020055.7810218 +3.95176404E-04
1584020056.282113 +3.95215960E-04
1584020056.7834644 +3.95221531E-04
1584020057.284464 +3.95229787E-04
1584020057.7857106 +3.95236472E-04
1584020058.2868586 +3.95210845E-04
1584020058.7879536 +3.95216416E-04
1584020059.2889578 +3.95184660E-04
1584020059.790323 +3.95164557E-04
1584020060.2913885 +3.95151186E-04
1584020060.7928896 +3.95143387E-04
1584020061.2940242 +3.95109959E-04
1584020061.7953937 +3.95094360E-04
1584020062.2965512 +3.95036396E-04
1584020062.7977364 +3.95016897E-04
1584020063.2987573 +3.94998512E-04
1584020063.8000293 +3.94951157E-04
1584020064.3010573 +3.94934443E-04
1584020064.8022904 +3.94898980E-04
1584020065.303451 +3.94873353E-04
1584020065.8047931 +3.94836026E-04
1584020066.3059666 +3.94818198E-04
1584020066.8070693 +3.94831569E-04
1584020067.308011 +3.94809328E-04
1584020067.8092716 +3.94776458E-04
1584020068.3103852 +3.94792614E-04
1584020068.8120584 +3.94792614E-04
1584020069.3132765 +3.94789829E-04
1584020069.8146665 +3.94808351E-04
1584020070.3158205 +3.94811137E-04
1584020070.817005 +3.94830079E-04
1584020071.3180346 +3.94854035E-04
1584020071.8188457 +3.94867939E-04
1584020072.3199797 +3.94886324E-04
1584020072.8214226 +3.94893566E-04
1584020073.3225548 +3.94936465E-04
1584020073.8234704 +3.94969892E-04
1584020074.3244898 +3.95016460E-04
1584020074.8257177 +3.95059915E-04
1584020075.3268418 +3.95095013E-04
1584020075.8279433 +3.95136797E-04
1584020076.3290381 +3.95185267E-04
1584020076.8304842 +3.95226686E-04
1584020077.3315244 +3.95281841E-04
1584020077.8328044 +3.95328639E-04
1584020078.3340409 +3.95367637E-04
1584020078.8353179 +3.95394936E-04
1584020079.3363366 +3.95444217E-04
1584020079.837702 +3.95499929E-04
1584020080.3389292 +3.95549512E-04
1584020080.8402386 +3.95600210E-04
1584020081.3412752 +3.95657036E-04
1584020081.8422313 +3.95699153E-04
1584020082.3431723 +3.95737595E-04
1584020082.8440611 +3.95817820E-04
1584020083.3450978 +3.95889688E-04
1584020083.8465955 +3.95974371E-04
1584020084.3476386 +3.96088511E-04
1584020084.8488894 +3.96242276E-04
1584020085.3501344 +3.96352586E-04
1584020085.8515182 +3.96518051E-04
1584020086.3526123 +3.96709700E-04
1584020086.854074 +3.98212776E-04
1584020087.3553333 +3.99587190E-04
1584020087.8565407 +4.00982775E-04
1584020088.3578002 +4.02334904E-04
1584020088.859138 +4.03646921E-04
1584020089.3603253 +4.05006803E-04
1584020089.861371 +4.06256979E-04
1584020090.3623674 +4.07405759E-04
1584020090.8637173 +4.08481557E-04
1584020091.3648038 +4.09634237E-04
1584020091.8662696 +4.10692787E-04
1584020092.367577 +4.11735158E-04
1584020092.8688538 +4.12647720E-04
1584020093.3698897 +4.13592594E-04
1584020093.8711176 +4.14407660E-04
1584020094.3723052 +4.15239722E-04
1584020094.8735068 +4.15968992E-04
1584020095.3743827 +4.16665392E-04
1584020095.8755174 +4.17342850E-04
1584020096.3765872 +4.17941197E-04
1584020096.8778768 +4.18462103E-04
1584020097.3789716 +4.18927298E-04
1584020097.8803213 +4.19381351E-04
1584020098.3814943 +4.19752950E-04
1584020098.8825495 +4.20133463E-04
1584020099.3839052 +4.20344365E-04
1584020099.8852665 +4.20597298E-04
1584020100.3864307 +4.20768334E-04
1584020100.8878293 +4.20864716E-04
1584020101.389116 +4.20904271E-04
1584020101.8901641 +4.20856309E-04
1584020102.3913705 +4.20845167E-04
1584020102.8926914 +4.20703658E-04
1584020103.3936682 +4.20530394E-04
1584020103.8944829 +4.20329273E-04
1584020104.3953404 +4.20032475E-04
1584020104.8964834 +4.19688732E-04
1584020105.3977914 +4.19309890E-04
1584020105.8992536 +4.18882022E-04
1584020106.4006076 +4.18374117E-04
1584020106.9015813 +4.17815325E-04
1584020107.402779 +4.17234248E-04
1584020107.904084 +4.16542304E-04
1584020108.4048605 +4.15867631E-04
1584020108.9058883 +4.15069446E-04
1584020109.407037 +4.14291705E-04
1584020109.9084282 +4.13434296E-04
1584020110.4096758 +4.12596386E-04
1584020110.9109905 +4.11575183E-04
1584020111.4122908 +4.10584064E-04
1584020111.913622 +4.09477622E-04
1584020112.4148405 +4.08419649E-04
1584020112.9157577 +4.07211254E-04
1584020113.4167953 +4.06086427E-04
1584020113.918111 +4.04827047E-04
1584020114.4192598 +4.03484387E-04
1584020114.9206383 +4.02240893E-04
1584020115.4217467 +4.00823022E-04
1584020115.9226704 +3.99401250E-04
1584020116.4238374 +3.97967198E-04
1584020116.9250033 +3.96567711E-04
1584020117.426163 +3.96278566E-04
1584020117.9270046 +3.96188869E-04
1584020118.4282043 +3.96088030E-04
1584020118.9296114 +3.96045416E-04
1584020119.4309916 +3.95970762E-04
1584020119.9324143 +3.95986362E-04
1584020120.4335718 +3.95985805E-04
1584020120.9348795 +3.95972991E-04
1584020121.4360464 +3.95982406E-04
1584020121.9373074 +3.95997448E-04
1584020122.4385858 +3.96047589E-04
1584020122.9399288 +3.96081574E-04
1584020123.441165 +3.96102744E-04
1584020123.9425795 +3.96135236E-04
1584020124.4439425 +3.96168106E-04
1584020124.9453619 +3.96168106E-04
1584020125.4466329 +3.96193734E-04
1584020125.9480364 +3.96202091E-04
1584020126.4492435 +3.96222056E-04
1584020126.950449 +3.96229855E-04
1584020127.4517825 +3.96225398E-04
1584020127.9531388 +3.96229855E-04
1584020128.4544358 +3.96213142E-04
1584020128.9558527 +3.96172775E-04
1584020129.4573946 +3.96152719E-04
1584020129.9585876 +3.96149933E-04
1584020130.459695 +3.96092550E-04
1584020130.9610753 +3.96091436E-04
1584020131.4625506 +3.96048777E-04
1584020131.9638836 +3.96011450E-04
1584020132.4650543 +3.95965209E-04
1584020132.9664373 +3.95958523E-04
1584020133.4676356 +3.95921753E-04
1584020133.9687011 +3.95868758E-04
1584020134.4700778 +3.95848145E-04
1584020134.9711733 +3.95798004E-04
1584020135.4724703 +3.95766248E-04
1584020135.9736998 +3.95741735E-04
1584020136.4748447 +3.95710343E-04
1584020136.976024 +3.95707000E-04
1584020137.4770818 +3.95686944E-04
1584020137.9784167 +3.95674687E-04
1584020138.4797547 +3.95647946E-04
1584020138.9810245 +3.95631478E-04
1584020139.4824536 +3.95628692E-04
1584020139.9839156 +3.95628692E-04
1584020140.4852726 +3.95632035E-04
1584020140.9862795 +3.95639757E-04
1584020141.4876428 +3.95659813E-04
1584020141.9886343 +3.95670955E-04
1584020142.490213 +3.95689340E-04
1584020142.9916756 +3.95710511E-04
1584020143.4930747 +3.95728872E-04
1584020143.9945579 +3.95748929E-04
1584020144.4958673 +3.95792384E-04
1584020144.9972842 +3.95806869E-04
