# Postavitev:
#   foto dioda --- pol2 (-45 st) -- LC (sucemo) - pol1 (45 st) --- laser (vert. pol.)
#
# Merimo toka na foto-diodi preko z Keithey 2000 v I DC načinu v odvisnosti od
# zasuka LC-ja. Zasuk LC-ja očitavamo preko odboja laserja od povrsine LC-ja
# na polkroznem ščitu. Kot na ščitu je v intervalu [-100,100] stopinj in prestavlja
# dvakratnik odbojnega kota laserja merjen glede na pravokotnico s površino LC-ja.
#
#
# Napake:
#   napaka kota ~ 1 stopinja
#   napake toka ~ 5%

# kot[stopinja]   I[A DC]
-100 +6.32551874E-05
-99 +6.76926477E-05
-98 +7.14086034E-05
-97 +7.23005926E-05
-96 +7.24510106E-05
-95 +6.93093538E-05
-94 +6.51710624E-05
-93 +6.01770377E-05
-92 +5.30743447E-05
-91 +4.75220967E-05
-90 +4.34183991E-05
-89 +3.38198387E-05
-88 +3.06085736E-05
-87 +2.50206322E-05
-86 +1.32843658E-05
-85 +8.55107873E-06
-84 +5.45126335E-06
-83 +4.79330491E-06
-82 +5.84904200E-06
-81 +8.59117104E-06
-80 +1.28119013E-05
-79 +1.78281779E-05
-78 +2.12433136E-05
-77 +2.63950130E-05
-76 +3.25066034E-05
-75 +4.07096362E-05
-74 +4.58791402E-05
-73 +4.93093706E-05
-72 +5.45918882E-05
-71 +5.88583577E-05
-70 +6.27632176E-05
-69 +6.44702599E-05
-68 +6.45203561E-05
-67 +6.30840575E-05
-66 +6.14243723E-05
-65 +5.87257872E-05
-64 +5.62365086E-05
-63 +5.36030311E-05
-62 +5.00369452E-05
-61 +4.43108797E-05
-60 +3.69251748E-05
-59 +3.10898916E-05
-58 +2.82129273E-05
-57 +2.55894655E-05
-56 +1.87547183E-05
-55 +1.42988742E-05
-54 +1.02224262E-05
-53 +7.62458426E-06
-52 +5.95712585E-06
-51 +4.51530214E-06
-50 +3.50245732E-06
-49 +3.70636627E-06
-48 +4.95765628E-06
-47 +6.73654368E-06
-46 +8.43353444E-06
-45 +1.05238439E-05
-44 +1.32069339E-05
-43 +1.60805571E-05
-42 +1.90288359E-05
-41 +2.27637802E-05
-40 +2.71856275E-05
-39 +3.26002754E-05
-38 +3.67073634E-05
-37 +3.96996833E-05
-36 +4.36613373E-05
-35 +4.67461104E-05
-34 +5.11255909E-05
-33 +5.59385433E-05
-32 +5.72951293E-05
-31 +6.07091470E-05
-30 +6.63165500E-05
#--------------------------------------------------------------------------------
-30 +6.28406673E-05
-29 +6.55995060E-05
-28 +6.70402160E-05
-27 +7.01556261E-05
-26 +7.16270185E-05
-25 +7.36232095E-05
-24 +7.41563627E-05
-23 +7.51474827E-05
-22 +7.69486549E-05
-21 +7.86066170E-05
-20 +7.77592318E-05
-19 +7.99910522E-05
-18 +7.93799683E-05
-17 +7.92818418E-05
-16 +7.90138671E-05
-15 +8.11749620E-05
-14 +8.05888055E-05
-13 +7.95659347E-05
-12 +7.75145507E-05
-11 +7.90549791E-05
-10 +7.94783938E-05
-10 +7.94734509E-05
-9 +7.72154379E-05
-8 +8.00210897E-05
-7 +7.65050979E-05
-6 +7.73123321E-05
-5 +7.87363277E-05
-4 +8.03603288E-05
-3 +7.69981924E-05
-2 +7.61496953E-05
-1 +7.44410532E-05
0 +7.94868001E-05
1 +7.58872007E-05
2 +7.98176863E-05
3 +7.34381309E-05
4 +7.35322822E-05
5 +7.70822429E-05
6 +7.20453022E-05
7 +7.39651414E-05
8 +7.45819476E-05
9 +7.46465734E-05
10 +7.27791122E-05
11 +7.40749714E-05
12 +7.39151418E-05
13 +7.25178880E-05
14 +7.05975410E-05
15 +7.06671908E-05
16 +7.10159480E-05
17 +6.90365059E-05
18 +6.76069261E-05
19 +6.74698243E-05
20 +6.63115725E-05
21 +6.41282953E-05
22 +6.24920330E-05
23 +6.01420671E-05
24 +5.93074755E-05
25 +5.74009878E-05
26 +5.53023185E-05
27 +5.23316789E-05
28 +5.01427801E-05
29 +4.83232574E-05
30 +4.49599532E-05
31 +4.21525921E-05
32 +4.13152397E-05
33 +3.85524818E-05
34 +3.55863866E-05
35 +2.95271358E-05
36 +2.78296286E-05
37 +2.62819395E-05
38 +2.34094464E-05
39 +1.97876131E-05
40 +1.60064437E-05
41 +1.26191599E-05
42 +1.00363539E-05
43 +7.64130133E-06
44 +6.06966645E-06
45 +4.49301491E-06
46 +3.89689715E-06
47 +3.55482578E-06
48 +5.50697253E-06
49 +6.93542776E-06
50 +6.48303624E-06
51 +1.01923488E-05
52 +1.23846150E-05
53 +1.50197916E-05
54 +1.95630983E-05
55 +2.70424434E-05
56 +3.42092124E-05
57 +4.14952377E-05
58 +4.76279926E-05
59 +5.36760881E-05
60 +5.69079387E-05
61 +6.49867105E-05
62 +7.24593530E-05
63 +7.89681316E-05
64 +8.31097791E-05
65 +8.52424315E-05
66 +8.62208239E-05
67 +8.56275422E-05
68 +8.45417051E-05
69 +7.88273541E-05
70 +7.36884679E-05
71 +6.68152757E-05
72 +6.28347097E-05
73 +5.07217817E-05
74 +4.29226540E-05
75 +3.61931931E-05
76 +3.30371234E-05
79 +1.58281878E-05
80 +1.01500185E-05
81 +6.40839967E-06
82 +3.74536307E-06
83 +3.45566372E-06
84 +4.57324693E-06
85 +7.87139407E-06
86 +1.23255741E-05
87 +1.72563704E-05
88 +1.85380078E-05
89 +2.30573636E-05
90 +3.01049283E-05
90 +3.18058033E-05
91 +3.63607963E-05
92 +3.85079412E-05
93 +3.79558379E-05
94 +3.63563521E-05
95 +3.35373274E-05
96 +3.11818472E-05
97 +2.87801049E-05
98 +2.54384960E-05
99 +2.50730254E-05
100 +2.47788351E-05
